Iter | Sampling Pol | Evaluation Pol | Best (Sampled) 
   0 -360.85 -0.80 -100000000.00 
   1 -348.57 -3.59 -360.85 
   2 -349.36  1.70 -348.57 
   3 -325.45 -2.53 -348.57 
   4 -312.83 -1.28 -325.45 
   5 -296.23 -0.12 -312.83 
   6 -283.12 -2.37 -296.23 
   7 -274.69  0.14 -283.12 
   8 -271.68 -2.51 -274.69 
   9 -249.15 -1.60 -271.68 
  10 -253.92  2.05 -249.15 
  11 -253.32  2.07 -249.15 
  12 -243.18  1.22 -249.15 
  13 -217.22  1.13 -243.18 
  14 -197.18  4.93 -217.22 
  15 -196.68  2.03 -197.18 
  16 -166.08  4.54 -196.68 
  17 -172.87 10.85 -166.08 
  18 -145.10 20.41 -166.08 
  19 -149.70 25.36 -145.10 
  20 -153.50 42.57 -145.10 
  21 -107.26 123.06 -145.10 
  22 -74.18 278.16 -107.26 
  23 -41.51 417.36 -74.18 
  24 14.38 729.98 -41.51 
  25 74.59 246.64 14.38 
  26 125.81 188.40 74.59 
  27 120.50 156.59 125.81 
  28 157.02 329.57 125.81 
  29 220.08 268.55 157.02 
  30 203.89 223.22 220.08 
  31 192.73 193.14 220.08 
  32 252.29 269.76 220.08 
  33 214.32 251.82 252.29 
  34 259.77 141.49 252.29 
  35 158.49 413.63 259.77 
  36 308.90 252.65 259.77 
  37 197.36 249.85 308.90 
  38 105.61 358.64 308.90 
  39 277.04 273.84 308.90 
  40 127.17 378.17 308.90 
  41 234.06 476.26 308.90 
  42 175.56 335.82 308.90 
  43 251.27 419.24 308.90 
  44 264.65 374.17 308.90 
  45 316.45 658.86 308.90 
  46 288.78 539.68 316.45 
  47 318.70 883.96 316.45 
  48 201.75 619.39 318.70 
  49 266.77 637.35 318.70 
